size <- c(1000, 1000, 1000, 1000, 1000, 1000, 1000, 1000, 1000, 1000, 1000, 1000, 1000, 1000, 1000, 1000, 1000, 1000, 1000, 1000, 1000, 1000, 1000, 1000, 1000, 1000, 1000, 1000, 1000, 1000, 1000, 1000, 1000, 1000, 1000, 1000, 1000, 1000, 1000, 1000, 1000, 1000, 1000, 1000, 1000, 1000, 1000, 1000, 1000, 10000, 10000, 10000, 10000, 10000, 10000, 10000, 10000, 10000, 10000, 10000, 10000, 10000, 10000, 10000, 10000, 10000, 10000, 10000, 10000, 10000, 10000, 10000, 10000, 10000, 10000, 10000, 10000, 10000, 10000, 10000, 10000, 10000, 10000, 10000, 10000, 10000, 10000, 10000, 10000, 10000, 10000, 10000, 10000, 10000, 10000, 10000, 10000, 10000, 100000, 100000, 100000, 100000, 100000, 100000, 100000, 100000, 100000, 100000, 100000, 100000, 100000, 100000, 100000, 100000, 100000, 100000, 100000, 100000, 100000, 100000, 100000, 100000, 100000, 100000, 100000, 100000, 100000, 100000, 100000, 100000, 100000, 100000, 100000, 100000, 100000, 100000, 100000, 100000, 100000, 100000, 100000, 100000, 100000, 100000, 100000, 100000, 100000, 1000000, 1000000, 1000000, 1000000, 1000000, 1000000, 1000000, 1000000, 1000000, 1000000, 1000000, 1000000, 1000000, 1000000, 1000000, 1000000, 1000000, 1000000, 1000000, 1000000, 1000000, 1000000, 1000000, 1000000, 1000000, 1000000, 1000000, 1000000, 1000000, 1000000, 1000000, 1000000, 1000000, 1000000, 1000000, 1000000, 1000000, 1000000, 1000000, 1000000, 1000000, 1000000, 1000000, 1000000, 1000000, 1000000, 1000000, 1000000, 1000000, 10000000, 10000000, 10000000, 10000000, 10000000, 10000000, 10000000, 10000000, 10000000, 10000000, 10000000, 10000000, 10000000, 10000000, 10000000, 10000000, 10000000, 10000000, 10000000, 10000000, 10000000, 10000000, 10000000, 10000000, 10000000, 10000000, 10000000, 10000000, 10000000, 10000000, 10000000, 10000000, 10000000, 10000000, 10000000, 10000000, 10000000, 10000000, 10000000, 10000000, 10000000, 10000000, 10000000, 10000000, 10000000, 10000000, 10000000, 10000000, 10000000)
runtime <- c(32063349556, 32063349591, 32063349624, 32063349657, 32063349690, 32063349723, 32063349756, 32063349789, 32063349822, 32063349855, 32063349888, 32063349921, 32063349954, 32063349986, 32063350019, 32063350052, 32063350085, 32063350118, 32063350151, 32063350184, 32063350217, 32063350250, 32063350283, 32063350317, 32063350350, 32063350384, 32063350417, 32063350450, 32063350484, 32063350517, 32063350550, 32063350584, 32063350630, 32063350663, 32063350695, 32063350727, 32063350758, 32063350790, 32063350822, 32063350854, 32063350886, 32063350918, 32063350950, 32063350982, 32063351014, 32063351046, 32063351078, 32063351110, 32063351141, 32149173475, 32149173820, 32149174120, 32149174479, 32149174838, 32149175199, 32149175556, 32149175910, 32149176309, 32149176672, 32149177028, 32149177431, 32149177786, 32149178141, 32149178548, 32149178953, 32149179300, 32149179643, 32149179997, 32149180341, 32149180688, 32149181101, 32149181450, 32149181794, 32149182140, 32149182486, 32149182843, 32149183268, 32149183618, 32149183962, 32149184304, 32149184647, 32149184989, 32149185332, 32149185674, 32149186016, 32149186359, 32149186704, 32149187036, 32149187367, 32149187699, 32149188030, 32149188375, 32149188696, 32149189018, 32149189381, 32149189713, 32149190036, 32149190358, 32180047079, 32180051069, 32180055129, 32180059095, 32180063114, 32180067145, 32180071149, 32180075197, 32180079264, 32180083274, 32180087305, 32180091280, 32180095399, 32180099591, 32180103917, 32180107941, 32180112043, 32180116065, 32180120053, 32180124058, 32180128107, 32180132083, 32180136132, 32180140190, 32180144206, 32180148195, 32180152214, 32180156196, 32180160345, 32180164385, 32180168397, 32180172403, 32180176638, 32180180785, 32180184750, 32180188717, 32180192784, 32180196854, 32180200809, 32180204815, 32180208797, 32180212881, 32180216908, 32180220866, 32180224837, 32180228913, 32180233099, 32180237183, 32180241146, 32234635931, 32234677468, 32234718185, 32234758757, 32234799514, 32234840223, 32234881199, 32234922977, 32234964631, 32235008098, 32235051470, 32235093526, 32235135560, 32235178980, 32235220881, 32235261800, 32235303010, 32235343898, 32235384998, 32235426229, 32235468321, 32235509931, 32235551838, 32235593743, 32235635310, 32235676414, 32235717672, 32235758564, 32235799572, 32235840446, 32235881862, 32235923889, 32235965912, 32236009901, 32236052080, 32236094142, 32236135510, 32236177225, 32236218653, 32236260023, 32236301898, 32236344498, 32236386295, 32236428148, 32236470182, 32236512242, 32236553828, 32236600507, 32236646317, 32276708453, 32277222500, 32277781081, 32278330279, 32278856107, 32279366292, 32279882211, 32280470272, 32280993057, 32281516161, 32282022348, 32282527408, 32283033482, 32283539097, 32284045824, 32284552811, 32285060826, 32285566793, 32286074592, 32286582206, 32287088872, 32287596004, 32288104991, 32288612344, 32289124260, 32289632943, 32290139000, 32290645996, 32291153618, 32291661474, 32292180644, 32292696889, 32293229114, 32293741574, 32294250837, 32294756234, 32295264538, 32295772237, 32296281070, 32296789499, 32297297638, 32297804504, 32298310477, 32298831417, 32299383833, 32299911743, 32300424186, 32300930983, 32301435651)

plot(size, runtime)

sparsity <- c(0.3, 0.3, 0.3, 0.3, 0.3, 0.3, 0.3, 0.3, 0.3, 0.3, 0.3, 0.3, 0.3, 0.3, 0.3, 0.3, 0.3, 0.3, 0.3, 0.3, 0.3, 0.3, 0.3, 0.3, 0.3, 0.3, 0.3, 0.3, 0.3, 0.3, 0.3, 0.3, 0.3, 0.3, 0.3, 0.3, 0.3, 0.3, 0.3, 0.3, 0.3, 0.3, 0.3, 0.3, 0.3, 0.3, 0.3, 0.3, 0.3, 0.3, 0.2, 0.2, 0.2, 0.2, 0.2, 0.2, 0.2, 0.2, 0.2, 0.2, 0.2, 0.2, 0.2, 0.2, 0.2, 0.2, 0.2, 0.2, 0.2, 0.2, 0.2, 0.2, 0.2, 0.2, 0.2, 0.2, 0.2, 0.2, 0.2, 0.2, 0.2, 0.2, 0.2, 0.2, 0.2, 0.2, 0.2, 0.2, 0.2, 0.2, 0.2, 0.2, 0.2, 0.2, 0.2, 0.2, 0.2, 0.2, 0.2, 0.2, 0.1, 0.1, 0.1, 0.1, 0.1, 0.1, 0.1, 0.1, 0.1, 0.1, 0.1, 0.1, 0.1, 0.1, 0.1, 0.1, 0.1, 0.1, 0.1, 0.1, 0.1, 0.1, 0.1, 0.1, 0.1, 0.1, 0.1, 0.1, 0.1, 0.1, 0.1, 0.1, 0.1, 0.1, 0.1, 0.1, 0.1, 0.1, 0.1, 0.1, 0.1, 0.1, 0.1, 0.1, 0.1, 0.1, 0.1, 0.1, 0.1, 0.1, 0.05, 0.05, 0.05, 0.05, 0.05, 0.05, 0.05, 0.05, 0.05, 0.05, 0.05, 0.05, 0.05, 0.05, 0.05, 0.05, 0.05, 0.05, 0.05, 0.05, 0.05, 0.05, 0.05, 0.05, 0.05, 0.05, 0.05, 0.05, 0.05, 0.05, 0.05, 0.05, 0.05, 0.05, 0.05, 0.05, 0.05, 0.05, 0.05, 0.05, 0.05, 0.05, 0.05, 0.05, 0.05, 0.05, 0.05, 0.05, 0.05, 0.05, 0.01, 0.01, 0.01, 0.01, 0.01, 0.01, 0.01, 0.01, 0.01, 0.01, 0.01, 0.01, 0.01, 0.01, 0.01, 0.01, 0.01, 0.01, 0.01, 0.01, 0.01, 0.01, 0.01, 0.01, 0.01, 0.01, 0.01, 0.01, 0.01, 0.01, 0.01, 0.01, 0.01, 0.01, 0.01, 0.01, 0.01, 0.01, 0.01, 0.01, 0.01, 0.01, 0.01, 0.01, 0.01, 0.01, 0.01, 0.01, 0.01, 0.01)
